16
1002 12 8 2023 7 19 8 2023 283.50 KT110II K45563048K
1003 12 9 2023 14 26 9 2023 535.50 KT110II K67511112E
1004 15 12 2023 10 25 12 2023 522.00 AA451TR T12344435T
1005 9 6 2023 2 11 6 2023 116.00 AA451TR K45619190W
1006 15 2 2024 12 27 2 2024 626.40 AA451TR T34567587
1007 26 9 2023 18 14 10 2023 459.00 KK111WE K45619190W
1008 28 11 2023 5 3 12 2023 150.00 KK111WE K45619190W
1009 7 10 2023 20 27 10 2023 850.00 CR675QE K67512312U
1010 9 6 2023 2 11 6 2023 90.00 KT110II K45619190W
1013 12 3 2023 12 24 3 2023 324.00 KK111WE K45619190W
1014 12 6 2023 18 30 6 2023 612.00 AL345EE T34567587T
1015 27 8 2023 7 3 9 2023 365.40 WW223KO K36112018V
1016 18 2 2024 15 5 3 2024 765.00 DD147EI T12344435T
1017 12 4 25 17 29 4 25 838.10 AA451TR K123456789
1018 12 5 2025 6 18 5 2025 180.00 KK111WE K36201816V
1019 8 6 2023 4 12 6 2023 240.00 DD147EI K4022403W
19
